param WF := 358;
param R := 17;
param roadCost := 1000000;
param conCost := 75;
param waterin :=
1   158
2	635
3	155
4	658
5	2386
6	2909
7	2905
8	1311
9	1523
10	5499
11	5723
12	3912
13	9834
14	9404
15	5408
16	12791
17	7235
18	19684
19	48643
20	61668
21	141571
22	238
23	1023166
24	821328
25	69
26	530
27	94964
28	372
29	767
30	733
31	391
32	780
33	508
34	3133
35	1235
36	1588
37	1190
38	2933
39	3935
40	4428
41	3982
42	5617
43	3631
44	21684
45	24212
46	17600
47	54225
48	139026
49	5
50	266377
51	12
52	53
53	100
54	257
55	171
56	403
57	270
58	149
59	639
60	91
61	520
62	100
63	500
64	100
65	898
66	200
67	705
68	2400
69	1000
70	651
71	3565
72	830
73	3029
74	2397
75	0
76	100
77	6237
78	500
79	6588
80	5981
81	2970
82	5500
83	5000
84	5111
85	4593
86	4350
87	6087
88	4551
89	1500
90	1700
91	27728
92	6000
93	6900
94	17770
95	11733
96	7873
97	1500
98	15607
99	286834
100	385990
101	347230
102	32520
103	0
104	958
105	140
106	72
107	600
108	673
109	437
110	0
111	1897
112	1157
113	3000
114	1460
115	2774
116	2000
117	0
118	577
119	6405
120	3414
121	1422
122	3988
123	0
124	3264
125	5431
126	2345
127	0
128	11000
129	13702
130	10000
131	8870
132	12785
133	15000
134	10588
135	5385
136	0
137	41373
138	110000
139	0
140	112751
141	2845
142	547
143	4112
144	0
145	103441
146	235656
147	552157
148	20
149	112
150	117
151	117
152	117
153	117
154	117
155	3
156	130
157	117
158	117
159	117
160	117
161	117
162	117
163	117
164	30
165	45
166	200
167	117
168	117
169	117
170	117
171	117
172	117
173	134
174	117
175	300
176	117
177	117
178	117
179	136
180	71
181	117
182	117
183	179
184	774
185	234
186	456
187	83
188	117
189	179
190	1303
191	1101
192	269
193	282
194	791
195	239
196	167
197	804
198	1400
199	851
200	3031
201	1403
202	111
203	1484
204	798
205	1330
206	1863
207	1356
208	1247
209	1478
210	1563
211	1303
212	3000
213	1012
214	3000
215	868
216	2693
217	1324
218	1404
219	6324
220	3542
221	5703
222	4122
223	7310
224	13100
225	1348
226	12437
227	0
228	10515
229	33074
230	0
231	76909
232	67433
233	21016
234	137441
235	420000
236	323768
237	461746
238	24
239	194
240	107
241	35
242	303
243	277
244	345
245	1376
246	815
247	2584
248	3432
249	1890
250	1192
251	2805
252	3837
253	13964
254	14809
255	13220
256	9999
257	18719
258	28399
259	12965
260	47301
261	0
262	71
263	497
264	310
265	0
266	1339
267	389
268	279
269	750
270	335
271	891
272	729
273	4882
274	1591
275	442
276	0
277	96
278	1914
279	1556
280	1273
281	0
282	2992
283	2729
284	539
285	13
286	0
287	82
288	65
289	174
290	4559
291	2496
292	3315
293	1843
294	17788
295	55095
296	77
297	256
298	77
299	247
300	75
301	15
302	142
303	442
304	196
305	341
306	336
307	679
308	443
309	625
310	332
311	819
312	146
313	627
314	273
315	210
316	2222
317	1171
318	1341
319	856
320	831
321	230
322	2457
323	1832
324	2389
325	3583
326	142
327	3246
328	3856
329	11985
330	30043
331	20500
332	23500
333	5800
334	9000
335	500
336	2500
337	3000
338	3000
339	6500
340	6300
341	12600
342	11662
343	12316
344	5099
345	20500
346	10500
347	6900
348	10500
349	12000
350	20500
351	12800
352	10400
353	21300
354	3300
355	9500
356	5000
357	18500
358	175;

param DRtoWF : 	1 2 3 4 5 6 7 8 9 10 11 12 13 14 15 16 17 :=
1	2475905.147	30808.81969	7222.094389	52223.7787	53764.05463	44545.05953	49530.8463	62975.22302	77988.59951	116600.7769	106601.3183	188410.9133	206775.2423	218557.337	222396.8131	258181.1266	312564.4848
2	2463027.392	59937.34436	42340.84304	79954.86337	82526.7065	62714.11383	70779.47292	93641.51367	115107.4346	147305.554	143973.1951	224962.5829	243774.6861	255271.4796	259567.9163	295302.4413	349739.3548
3	2480575.071	56178.0298	50842.57169	73046.50078	76108.42201	79281.15295	86706.42732	106040.9659	116722.0512	159974.4893	146685.3741	223791.5289	243765.4163	254354.0759	260175.8866	295572.4457	354179.0829
4	2484610.927	45754.61334	42469.68047	63028.80629	66021.79542	74038.7929	80917.06385	98204.18816	106360.3137	151983.6933	136378.2086	213366.1038	233321.072	243924.2402	249734.1379	285127.9542	343953.5936
5	2484610.927	45754.61334	42469.68047	63028.80629	66021.79542	74038.7929	80917.06385	98204.18816	106360.3137	151983.6933	136378.2086	213366.1038	233321.072	243924.2402	249734.1379	285127.9542	343953.5936
6	2480258.323	49919.26589	43575.66061	67713.81468	70656.14275	73058.44476	80265.79471	98925.30287	109825.7953	152835.07	139696.5406	217439.1301	237221.2145	247971.8293	253539.9566	289002.835	347087.3614
7	2482318.342	46768.7628	41687.37107	64505.50178	67446.98589	72431.55801	79432.94932	97286.77109	106894.1819	151135.3142	136822.2099	214322.5997	234153.1443	244862.4632	250500.9382	285943.1305	344292.5659
8	2465513.126	48871.18156	27628.37465	69892.21868	72114.77464	51086.9558	58598.95778	79637.94757	101054.75	133496.6173	129605.0163	211355.5916	229833.5529	241553.6392	245468.6979	281252.5646	335049.6008
9	2456736.671	55078.46516	28123.34535	76495.76321	78437.71162	43312.93929	51320.60823	74805.46052	102644.8912	128202.4532	130212.8894	213471.4671	231285.9496	243427.8827	246553.1183	282413.8608	333957.1998
10	2460361.823	48556.38272	19246.932	70056.70063	71746.13539	38052.7623	45401.20583	66873.0333	93670.41144	120593.8261	121106.6354	204541.4658	222244.1898	234447.439	237469.1552	273334.5397	324908.9251
11	2471697.368	56228.38383	44387.4473	75085.09828	77887.05955	69587.95087	77296.12129	98240.25479	114311.1406	152160.8208	143790.4533	223073.9698	242445.2478	253527.7778	258541.0327	294140.6369	350590.7766
12	2466153.068	45912.86133	22975.22632	67185.75718	69260.47395	47634.68265	54882.94248	75185.16768	96682.0186	129086.1167	125092.1933	207124.6259	225474.8775	237277.0694	241048.8289	276848.8147	330392.3261
13	2466281.395	57460.80561	41600.76458	77218.32868	79848.66531	64062.56431	71966.47816	94012.04133	113549.7918	147813.0501	142630.5923	223107.588	242094.546	253465.4753	257985.0071	293681.6281	348784.4378
14	2476106.86	58396.61404	50271.62692	76015.32596	78997.40901	76846.85075	84484.89984	104850.3549	118114.9629	158799.8821	147901.2476	225908.3666	245656.3988	256437.1989	261946.9854	297429.8181	355150.4963
15	2464203.503	57921.30672	40469.87377	77992.44131	80548.17089	61724.37707	69699.58041	92166.88955	113092.7612	145896.0061	141990.2094	222922.383	241748.5273	253234.6153	257552.5338	293282.8682	347836.8644
16	2449944.707	65808.84608	40103.67501	87007.90298	89138.94269	50130.6012	58640.35013	84363.50492	114620.2861	137035.2721	142082.9999	225452.5447	243236.3654	255403.3771	258462.4889	294329.4038	345285.3276
17	2461451.06	55221.21951	33745.64741	76077.41719	78378.57958	53444.59971	61388.99655	84070.26818	107552.7921	137718.4536	135971.066	217925.4782	236342.6936	248106.2905	251932.8054	287729.9441	341076.3669
18	2458681.833	60160.40482	38905.98437	80844.84547	83216.80822	56341.9535	64526.5731	88210.34785	112827.0593	141655.3429	141198.6082	223208.7364	241618.5751	253389.4904	257195.3982	292996.6606	346124.0021
19	2458507.762	57890.29954	35120.12136	78855.13694	81110.49658	52390.29221	60506.95306	84018.79002	109306.5448	137481.553	137490.8493	219839.9498	238096.1088	249965.8707	253594.5382	289414.4067	342151.8394
20	2440463.452	70897.01705	40391.23866	92399.80749	94116.72445	38990.21806	47687.80264	75526.44204	113034.2981	126769.7205	138926.4079	223804.8885	240636.5437	253337.8889	255327.7077	291210.5965	339152.0827
21	2459720.183	59099.80583	38214.26438	79754.31921	82136.184	56443.97706	64571.83683	87971.59702	112008.045	141487.4698	140448.5832	222337.1413	240794.5354	252533.4832	256398.8968	292192.7471	345511.9932
22	2466915.898	42579.2174	16923.55514	64056.24382	65906.30546	43399.27182	50202.39734	69364.81682	91027.3837	123303.6995	119218.3089	201642.7435	219810.1089	231726.8937	235296.0291	271116.4732	324295.9676
23	2501976.58	18368.37179	35379.4532	34375.20181	37316.62687	73741.7945	78179.9996	86612.01344	80573.09478	138105.1228	110901.2743	185297.0207	205656.0461	215893.6676	222308.343	257492.0724	318592.0507
24	2501601.502	10622.13223	31642.19583	29360.78058	31906.9981	69970.66711	73681.8057	79968.01175	72614.82626	130795.9456	102926.0148	178170.8166	198298.4283	208743.8912	214847.4992	250127.1546	310653.9262
25	2510549.3	16337.1999	42098.08253	17236.40827	16396.47963	73997.85458	74615.22429	70126.45456	46368.32026	114969.6099	76674.9475	151430.0808	171381.7786	181970.4882	187894.8813	223203.2777	284167.242
26	2504191.577	7255.76039	33464.54932	21445.35583	22264.89909	68115.40856	69818.34334	69627.79947	55276.5977	117633.7682	85587.04654	161743.285	181522.8034	192258.5985	197930.3431	233323.2409	293316.365
27	2511671.42	14537.52558	42354.28206	24124.82347	27311.60406	80640.64073	84192.11501	89027.5136	74672.81397	138651.2222	104914.0044	176576.2795	197369.5276	207185.4247	214242.1146	249180.4517	312088.0763
28	2512125.14	13438.24041	42359.61443	14118.83806	14006.10089	75756.20164	76809.64641	73601.18021	50267.0163	119056.4233	80520.7511	154224.5965	174414.5955	184798.9759	191035.9163	226248.8376	287853.697
29	2519828.36	27341.65256	53760.51032	17023.57935	14093.20497	83698.64318	83463.63708	75150.60666	39359.16454	115797.8804	68986.37552	140454.3274	160835.7287	171044.7357	177574.7064	212670.4575	275433.1832
30	2554413.598	67303.71419	95006.32852	48414.85379	45359.38603	121819.8855	120047.7652	104469.1072	44807.34393	131355.9443	60235.75931	107363.2314	129670.6188	137651.8783	147250.8638	180783.0991	251080.3001
31	2555793.443	69958.60386	97385.0552	51176.73481	48107.60244	123753.774	121837.1557	105727.1757	45292.53193	131537.9705	59302.24787	104684.0555	127046.476	134946.0355	144647.6576	178109.4052	248676.2832
32	2553144.169	64446.47744	92541.59218	45371.12659	42345.33385	119928.4149	118338.8386	103419.9189	44781.79004	131539.2806	61705.60841	110453.7194	132720.5929	140759.1452	150284.0275	183868.4717	253939.8901
33	2546579.854	49227.3928	79934.28535	28705.42119	26078.05495	110870.5591	110466.2132	99849.2568	49320.8895	134692.4614	72677.56119	128208.3107	150312.2436	158569.7094	167800.3946	201593.7611	270625.817
34	2542987.408	57051.52269	83530.26867	39725.74179	36417.84932	109959.6698	108236.2544	93283.08345	35927.19967	122702.8291	56326.80013	113562.9742	135135.6184	144109.0694	152437.3293	186709.8691	254276.8139
35	2544040.218	57784.9766	84457.06502	40234.92931	36952.94198	110994.598	109285.6481	94334.38124	36810.52093	123607.0816	56817.62086	113194.5038	134843.9865	143724.3878	152176.3188	186383.9553	254215.6198
36	2550793.673	57740.06727	87094.79606	37956.89975	35084.91615	116157.8651	115101.8836	102080.3899	46668.1638	133319.221	66800.76851	118527.7262	140756.7862	148840.3821	158299.4446	191938.255	261675.6762
37	2553868.316	66147.00723	93994.58874	47193.29492	44147.46512	121026.504	119324.3458	104000.0783	44726.23003	131375.2579	60765.17741	108583.4631	130871.746	138880.506	148444.327	182000.9908	252197.5019
38	2520420.187	16719.04498	49625.7423	4931.489388	6777.482876	84634.12312	86099.91932	83480.2816	55895.5722	128402.0189	85632.95	155371.9368	176249.0735	185980.1878	193189.185	228043.2727	291889.3287
39	2522454.561	17697.04089	51339.29569	9509.280913	12955.72269	88084.01606	90320.70716	90074.75807	64648.7684	136310.1694	94282.47224	162528.1896	183713.4184	193114.1548	200783.6887	235445.9533	300170.2484
40	2530400.781	34720.63075	63806.14486	17425.30454	13993.28998	94423.14215	94167.03828	84969.65854	42073.28882	123327.6849	69820.69923	135659.1919	156779.059	166257.457	173857.5082	208517.163	273837.7137
41	2548767.36	52631.24308	82972.51323	32274.42894	29585.08747	113339.2255	112720.6606	101273.5777	48855.91643	134847.4167	71041.31266	124844.2468	147034.9638	155167.8191	164558.203	198249.1429	267693.9504
42	2513007.316	8474.416385	41787.81627	13035.36672	14955.08887	77659.15071	79621.55436	79290.97177	58756.45952	126322.5939	88967.94167	161494.0375	181985.3652	192096.2823	198736.7285	233818.2624	296147.0814
43	2523519.351	24054.22873	54534.68826	8569.581512	5510.58007	87190.83913	87734.53989	81774.76247	47671.20081	123916.832	76955.35378	145936.5081	166795.569	176545.6484	183742.0855	218589.6764	282688.0697
44	2520559.256	18851.98944	50478.85767	6040.991668	5382.161216	84377.72503	85416.53947	81365.73183	51711.80457	125291.9939	81399.91416	151413.9674	172195.9847	182023.7031	189098.7129	224002.6266	287655.2721
45	2542084.663	44772.47247	75270.86436	24615.13264	21809.37105	106267.2173	105943.422	95823.60389	47266.66342	131757.7857	72019.52291	130621.33	152476.3504	161078.6889	169866.4174	203920.8219	271957.341
46	2532771.837	28045.85203	61757.58027	11351.89038	13750.07071	98199.73516	100154.3286	98274.78549	66361.21134	142591.0903	94879.65256	158454.7755	180196.8893	188928.3439	197513.8768	231714.7651	298643.7233
47	2531615.389	26877.80112	60588.65315	8306.58914	10437.43023	96514.51083	98221.3854	95588.1347	62979.03566	139456.1962	91548.8376	155792.6788	177423.1765	186299.4419	194695.4719	228994.5426	295553.8803
48	2530394.01	25603.55887	59336.1786	8111.065539	10671.89902	95449.80225	97262.58522	95060.88598	63558.20092	139344.5013	92313.21753	157108.8317	178688.4163	187627.7159	195937.7168	230283.0196	296616.0994
49	2538514.767	37191.54637	69294.35044	15981.18936	13843.46243	102349.4458	102786.5226	95455.71815	52855.65029	134711.0665	79496.89518	140379.1112	162171.3559	170848.9957	179526.0938	213655.3654	281208.3847
50	2526933.651	22930.66247	56167.09468	1836.41664	4242.169491	91214.8074	92591.49247	89172.79551	57303.30177	132893.952	86350.35163	153073.3376	174353.3677	183649.9388	191477.1379	226055.6375	291388.3313
51	2529808.481	71841.28178	89366.92263	60700.6692	57253.00388	106565.6506	102683.7362	81003.88979	17851.98358	99712.75082	27954.71796	96592.51995	115961.0662	126958.5309	132390.7426	167754.1551	230172.7872
52	2562968.629	137281.9411	154660.7895	123425.3223	119991.2965	166588.0482	161085.6316	134089.6809	80259.50371	127606.663	56946.62682	30698.75933	50783.97654	61002.97101	68044.00295	102531.1984	172417.9557
53	2541007.278	119666.5746	133820.8833	108376.4076	104911.5121	143321.7514	137537.2559	110072.7476	59460.22864	104456.9775	33266.50869	53127.87328	69399.73214	81942.38336	85039.84694	120754.017	182722.4816
54	2532429.382	107711.0082	120854.216	97546.8243	94099.30413	130231.8735	124532.9082	97380.19	46706.48478	95333.48304	20264.44637	66214.23605	82429.64582	95104.08951	97794.50196	133595.1613	193343.3102
55	2540248.463	113127.3639	127805.2159	101709.2714	98244.15792	138312.6456	132744.4728	105816.3348	53322.68681	103274.3259	28621.62335	58283.42719	75477.38403	87633.54786	91371.29414	127002.6089	189384.9444
56	2537377.437	110823.8527	124992.1921	99836.35761	96375.13983	135153.7231	129550.0848	102569.8415	50580.80815	100344.4642	25383.01905	61373.92811	78233.16824	90575.55929	93943.75279	129645.9003	191084.5802
57	2544111.451	137028.6793	150251.74	125856.8875	122391.5426	157684.7764	151460.8676	123005.3532	76279.68669	110487.7717	48279.8171	40771.20584	53549.48875	67171.43255	68331.44555	104190.148	165364.1378
58	2516207.154	87830.41628	98022.47306	80812.05258	77497.94838	106640.8457	101074.3113	74584.83297	25607.34021	80698.15752	4735.630777	89841.05041	105761.8976	118689.4492	120664.5228	156542.6469	212462.1998
59	2513903.594	87161.85384	96608.46732	80713.78796	77431.73579	104627.5739	98983.2152	72332.77236	25024.82219	78495.82857	5776.680886	91818.78655	107473.7663	120525.1117	122225.9476	158111.6796	213275.4692
60	2537540.066	117120.274	130649.709	106333.4007	102873.4023	139682.7283	133844.7276	106290.366	56443.99016	100835.2719	29620.70132	56807.75991	72636.91524	85405.00153	88024.56546	123810.488	184568.3281
61	2544550.96	130244.3217	144194.7744	118774.9957	115308.7761	152801.2448	146799.746	118809.1463	69941.50655	109372.0295	42867.92516	44117.62156	59104.03064	72054.47097	74520.90095	110281.127	172575.8256
62	2565482.1	118288.7963	138690.6241	102902.9757	99528.11057	154875.9307	150269.3142	125557.7511	66060.46283	128541.439	50240.53789	50303.929	72459.13299	80807.15453	90089.03107	123639.2057	195359.6608
63	2548907.988	111657.627	128807.3798	98620.17003	95161.73093	141962.2684	136853.9299	111003.7955	54543.93533	111941.7609	34427.22411	56605.75614	76035.85224	86881.89488	92779.83722	127870.2272	193898.8109
64	2564319.152	123454.6741	142848.2779	108603.3719	105203.1624	157670.443	152770.8573	127280.761	69380.90007	127414.6752	50816.6721	44436.60586	66163.10227	75034.50578	83706.07493	117558.488	188671.2454
65	2534530.269	109310.3431	122865.8567	98798.98279	95344.61438	132526.3979	126856.7013	99748.55276	48595.6727	97461.29157	22609.18613	63934.23014	80370.0767	92929.10688	95865.47058	131633.3558	192061.0541
66	2563360.989	123570.3973	142722.4522	108873.0853	105465.9567	157277.1697	152327.5784	126716.1906	69116.03178	126481.045	50128.09276	44191.66489	65725.7678	74800.39223	83220.40268	117200.6364	187961.1314
67	2564682.813	140717.1069	158083.3934	126799.788	123368.4729	169833.5468	164281.3865	137154.9947	83664.8657	129796.048	60075.01354	27268.55618	47430.02934	57557.03123	64760.59497	99143.85035	169545.6936
68	2560759.126	99463.67728	121728.217	83341.9138	80002.2331	140967.6333	137122.3959	114692.2695	52208.83787	125739.3453	45644.96618	70167.59008	92316.03987	100612.8185	109896.9322	143530.344	214416.3112
69	2563050.203	115867.1901	136030.6172	100696.3596	97308.53523	152091.4981	147479.2106	122784.4927	63294.20977	126152.2171	47603.529	52380.4468	74260.00421	82943.53364	91811.15341	125605.14	196590.2696
70	2504290.74	61025.25175	69268.70886	58244.03456	55323.20537	81040.30516	76586.03636	54331.27973	9045.838198	79441.87449	33247.46081	117157.493	134143.2368	146640.3464	149329.1544	185186.3435	240380.7705
71	2563374.451	109190.3005	130474.0726	93452.24995	90093.53501	148105.6648	143851.1167	120164.6088	59057.26889	126986.057	47210.68172	59904.66046	82078.02987	90370.17708	99688.01783	133262.4687	204615.143
72	2594596.752	116300.6899	143934.5673	96537.07262	93745.05088	168448.4789	165670.4771	145905.8311	82564.63276	160245.8801	80196.92924	76678.32979	100227.8609	103508.543	117864.136	147027.957	226261.1267
73	2533937.545	95441.25431	110525.6334	84505.46858	81048.64198	122916.3797	117842.1467	92342.02164	36008.82287	97759.54446	17683.02036	74927.22582	93018.88787	104785.5123	109058.4812	144641.9511	206359.8026
74	2538399.877	109879.4322	124435.409	98664.92555	95201.62949	135064.2858	129545.1467	102765.5598	49956.1441	101360.651	25566.63921	61602.3215	78840.76005	90998.21746	94698.73193	130348.1231	192316.4076
75	2591508.43	113974.4881	141335.81	94381.54112	91543.65347	165592.4396	162764.9763	142895.8242	79553.7546	157250.32	77224.72755	76175.49614	99755.29525	103493.1626	117459.766	147099.6712	225704.7262
76	2562669.343	123541.8141	142534.3736	108948.7721	105537.1706	156918.3214	151937.7018	126252.475	68843.58338	125803.8592	49594.84747	44155.91551	65551.87072	74765.24271	83010.34808	117077.3721	187585.5353
77	2562944.688	108162.152	129503.1542	92413.52615	89054.82759	147254.4823	143032.1718	119445.9213	58206.07666	126652.7649	46786.96487	60934.11778	83084.98593	91404.32183	100686.3652	134286.1364	205537.7065
78	2562906.216	120357.7377	139840.657	105521.5117	102119.3217	154924.5881	150095.3428	124809.9094	66497.05045	125948.8882	48647.00276	47521.15547	69156.06001	78122.66257	86660.73035	120601.952	191343.6083
79	2561546.701	107935.6537	128949.3249	92411.54165	89038.90486	146367.9137	142081.785	118333.5049	57323.77982	125202.1082	45385.37014	60770.5249	82745.07385	91293.85297	100296.8538	134055.8879	204860.4949
80	2531513.275	96038.91987	110295.411	85654.98288	82207.73629	121828.6869	116604.76	90731.83705	35794.04952	95152.06038	15212.51402	75432.95926	93008.50467	105065.622	108824.1469	144502.8081	205231.1298
81	2548023.931	74984.08964	98420.72908	59004.91662	55629.16718	120566.6758	117607.5198	98305.3397	35296.76743	119059.7275	44206.30159	94074.17992	115579.1802	124646.4842	132892.0659	167164.2603	235249.1772
82	2561551.707	101887.7399	123932.5299	85843.01476	82499.77812	142795.0636	138850.5578	116107.032	53906.40556	126124.9485	45977.64395	67649.37462	89819.70893	98093.14063	107412.0787	141016.0403	212058.1251
83	2576900.577	102371.0704	128411.0352	83709.29915	80667.13627	151573.3418	148563.9564	128383.2207	65043.16737	143390.1959	63659.95982	76950.69486	100284.023	106132.1358	118124.5211	149794.0238	225115.3408
84	2553880.356	129477.1648	145687.0146	116551.4927	113094.4395	156752.1088	151152.1858	124001.5323	71166.95305	117956.1618	46921.14726	39911.52787	58230.2245	69626.58715	74851.18136	110040.0703	176634.0459
85	2547567.203	70452.79687	94850.7993	53976.82264	50628.01354	118267.3685	115648.0661	97484.69087	35316.38739	120648.866	47725.69348	99207.82164	120814.266	129758.5133	138154.422	172362.2185	240549.2297
86	2594596.752	116300.6899	143934.5673	96537.07262	93745.05088	168448.4789	165670.4771	145905.8311	82564.63276	160245.8801	80196.92924	76678.32979	100227.8609	103508.543	117864.136	147027.957	226261.1267
87	2549907.173	79569.43539	102581.0584	63677.57424	60302.40109	123954.2877	120770.4056	100676.7752	37371.87626	119372.3673	42828.97315	89410.73131	110965.0912	119979.1026	128306.7102	162525.2297	230946.6188
88	2592532.048	114030.7454	141622.1619	94311.4955	91506.14844	166158.2239	163399.7841	143726.8963	80389.80353	158457.7629	78469.29551	77423.54587	100997.7267	104595.7879	118684.2578	148175.8379	226975.0882
89	2562991.009	116579.9374	136623.6353	101469.8177	98079.20804	152516.786	147867.2403	123070.3096	63771.77227	126068.4592	47701.46335	51592.09433	73430.48769	82163.88451	90973.26855	124794.6509	195729.7391
90	2561410.47	117822.8583	137298.4608	103054.4176	99648.07943	152514.5679	147728.5366	122578.7746	64013.7968	124452.7039	46664.65156	50002.61729	71506.82982	80609.48894	88963.83203	123013.233	193337.5109
91	2545050.224	117259.0957	132710.6507	105180.2512	101714.091	143725.3491	138205.898	111341.5006	58183.11248	108219.1412	34141.79172	53020.99788	70796.09406	82612.99173	86995.71868	122476.6092	186442.8554
92	2576987.185	102686.4176	128685.1233	84044.65398	80999.31404	151786.7375	148760.6699	128526.6124	65188.8846	143395.5787	63634.37456	76587.9922	99924.28015	105764.3011	117764.909	149426.7361	224767.7445
93	2563614.909	110039.6321	131247.3852	94329.62447	90969.65766	148749.8332	144462.8186	120678.9141	59705.15863	127146.7612	47462.17729	59017.70662	81195.2264	89484.56293	98808.41753	132375.5534	203775.2187
94	2573888.682	91419.61684	119017.6049	71988.02994	69090.62099	144433.8287	142061.2571	123953.4827	61165.97153	143901.8175	66015.27496	89953.39502	113189.5419	119282.2135	131020.8232	162926.142	237599.6915
95	2562603.133	112316.7755	132906.2282	96956.36726	93576.91691	149621.4817	145162.366	120902.906	60662.11415	125889.9735	46645.16712	56177.25281	78135.54141	86715.44257	95695.97348	129446.7656	200425.0111
96	2546737.314	79281.9576	101303.7867	64148.79116	60733.49232	121759.9421	118388.4806	97784.58296	34442.63529	115795.6737	39247.60372	88929.7357	110125.7921	119534.9881	127335.7286	161809.3784	229254.8165
97	2562024.863	116384.8434	136218.4931	101417.6855	98019.89466	151897.9093	147209.466	122318.3834	63218.35006	125096.1579	46819.5757	51622.71133	73310.82373	82214.58321	90812.10447	124746.1462	195353.6872
98	2564201.054	114487.6975	135144.5738	99027.32406	95654.76772	151810.1195	147324.4015	122966.7943	62869.26922	127393.8019	48401.00762	54187.41374	76294.36231	84692.18411	93900.92731	127512.9737	198941.9318
99	2554644.057	77393.16619	102477.7502	60055.00397	56796.58996	126024.823	123345.2529	104749.4157	42014.11833	126010.8452	50541.25082	94007.12908	116109.6767	124418.8378	133636.076	167375.9246	237316.372
100	2554197.788	77039.25595	102063.0858	59760.78792	56495.43812	125575.1737	122891.8877	104297.543	41573.52391	125624.3686	50257.9228	94213.87423	116283.7199	124638.2889	133798.6938	167572.5829	237398.865
101	2558019.924	75860.90354	102444.3594	57485.24895	54359.50793	127591.0104	125304.6419	107896.4673	45976.7539	131065.0643	56493.00843	98157.5411	120582.1837	128395.4448	138209.6349	171586.074	242539.4147
102	2551907.32	118640.5	135655.8603	105476.4889	102021.5144	148216.3876	142947.7352	116638.233	61289.66193	115035.1283	39568.89144	49705.74664	69060.24896	79921.21469	85855.14151	120895.9897	187558.8138
103	2538333.015	92980.33686	109779.2172	80954.67527	77488.49306	124053.3964	119332.8422	94761.99347	35736.86408	102781.3029	22683.07876	75672.08564	94790.38277	105917.6117	111246.8145	146582.8269	210174.246
104	2572402.651	84160.89267	113097.2726	64042.57797	61328.58736	140367.7364	138540.5085	122236.0669	60800.36647	145837.6005	70091.25789	99812.95319	123013.8894	129166.706	140839.1707	172810.7325	247212.9425
105	2560943.077	158250.4712	173148.3418	145570.5991	142113.2774	181383.7173	175174.1111	146659.3641	98774.84311	131482.3816	71749.1351	19669.63168	30097.87121	43464.89171	45977.20844	81498.31894	148719.8011
106	2555637.711	159054.9558	172851.3872	147053.5938	143588.9448	179826.8653	173423.022	144567.4372	98775.30125	127473.4748	70838.94371	24944.95241	31340.90734	45815.36498	45731.99503	81582.91027	145753.75
107	2549491.304	150444.2632	163697.5753	138950.4977	135483.996	170464.5518	164069.1917	135254.4187	89782.74987	119242.1725	61563.21492	31618.2287	40688.15895	54979.29792	54917.21248	90798.38993	152802.2983
108	2571465.058	179954.9998	195009.7469	166857.515	163410.3107	202613.0974	196223.7661	167341.2728	120656.6669	148489.1866	93378.19131	19876.80346	8553.952643	23730.3806	24424.18025	59642.70178	130650.0303
109	2559489.157	157007.3316	171727.6916	144460.397	141001.0551	179817.7728	173591.2991	145050.4137	97387.807	129852.5073	70235.03376	21189.81281	31566.82712	45062.54019	47246.92135	82846.24651	149425.1103
110	2574439.474	154196.3467	172107.8119	139704.2146	136297.5572	183891.2752	178276.595	150941.777	97740.97263	141430.4306	74010.33771	13417.61207	35498.98563	44006.57856	53284.93038	86488.00266	160354.6778
111	2575416.595	170692.5573	187205.9062	156823.7557	153396.7256	196790.2079	190742.1001	162483.136	112678.3796	147578.8628	86826.96307	7867.820149	17668.24329	28169.92455	35425.44961	69116.98626	142859.2219
112	2597387.486	148380.5071	171446.0484	130860.0371	127682.5645	189395.8575	184962.142	160385.5307	100380.151	160585.9887	84485.56226	37266.00471	60010.32404	61612.08256	77121.43181	104967.9427	185750.5582
113	2608507.686	155850.7528	180012.182	137634.8015	134553.4123	199059.3597	194820.6247	170675.4072	110014.0921	171534.6382	95160.06204	42816.58312	63878.96627	62785.49571	80047.52146	104995.872	188136.2684
114	2575517.246	149424.1956	168060.8216	134557.7769	131167.0891	180853.3923	175436.4335	148550.0859	93917.80186	141196.4787	71384.14674	18574.7158	41346.67125	49082.70179	59167.66314	91983.70762	166389.3388
115	2609803.868	167034.2929	190003.1832	149390.0369	146234.6489	207285.706	202637.1513	177411.0301	118407.4239	174308.4851	100729.7605	34617.71606	53081.36782	50148.1045	68271.00382	91686.24105	175631.8672
116	2585379.349	155730.068	175580.7304	140029.8546	136689.3708	189521.5309	184280.4276	157746.1824	101884.2284	151115.546	80542.74735	16855.84236	40309.25643	44893.67543	57938.99724	88543.96408	166373.4418
117	2579018.25	136324.4706	157276.0254	120235.6205	116915.6049	173220.2135	168451.4978	143153.2229	84575.45742	142342.669	66674.97254	35176.96715	58570.61634	64703.24648	76409.65656	108225.2715	183982.4509
118	2613008.151	173376.8192	196143.512	155793.9951	152633.0397	213012.0466	208257.0151	182743.2605	124244.3788	178325.4055	105844.696	34703.39824	50778.3983	46143.51915	64975.49512	86640.27169	171406.8724
119	2571777.625	158088.9222	175094.5201	144097.4619	140672.3382	185701.8162	179871.791	152078.8599	100587.694	140317.8167	75640.54997	10827.24887	30319.58717	40283.84373	47933.53352	81849.02434	154435.7794
120	2595893.215	145376.0747	168557.9647	127821.276	124646.6292	186744.2024	182373.3813	157977.7189	97707.32867	158939.3645	82337.17141	39083.4968	62103.06219	64192.02036	79362.583	107644.6998	187999.8283
121	2610271.74	158854.4048	182938.3689	140656.2254	137573.3308	201807.5562	197518.591	173225.7288	112758.7115	173457.3525	97496.0732	42128.41879	62574.9062	60845.10964	78449.62534	102733.0342	186293.2665
122	2616725.855	169660.6151	193502.3271	151511.6847	148425.2855	211790.3829	207337.5281	182569.9206	122773.1206	180707.6333	106247.1794	41551.08494	59069.24158	54807.50282	73575.06506	95052.19144	180046.7775
123	2602091.652	167214.569	188812.6617	150350.2745	147108.6054	204435.8637	199460.8214	173467.0794	116045.5507	167855.5027	96360.4724	25012.61452	43853.14666	42333.1195	59607.42363	85015.49771	167618.536
124	2577556.251	151411.3188	170231.814	136400.7409	133017.9396	183154.2398	177750.566	150881.841	96137.41731	143410.4839	73712.86003	16981.6855	40122.69513	47305.89844	57963.64295	90398.05785	165532.3209
125	2575187.125	146407.9498	165317.8939	131420.3044	128034.841	178541.129	173215.406	146548.1217	91297.31136	140276.8563	69345.62575	21802.64932	44615.11035	52251.22488	62433.17806	95226.37482	169569.9584
126	2600831.55	156369.8959	179045.7666	138990.9117	135800.0663	196280.1696	191665.4659	166587.1083	107383.5118	164683.7283	90097.65934	32682.79029	54299.99443	54514.35463	70906.14809	97536.84684	179358.9977
127	2607456.506	170955.3728	193057.0784	153767.7719	150560.5695	209180.5106	204287.7728	178464.6572	120623.8569	173180.833	101417.0383	29268.8255	46335.59626	43017.83621	61232.07606	84700.07429	168501.3749
128	2607354.668	155464.7366	179465.409	137341.7365	134246.5271	198326.81	194050.4604	169813.4314	109278.1869	170441.6533	94195.63037	41724.03115	62922.66942	62050.2481	79177.53416	104402.3651	187344.2282
129	2571859.04	138515.0323	157663.7662	123513.1287	120125.8672	171490.7406	166315.4549	140041.9124	83826.1821	135933.5278	62901.77097	29622.38202	52066.12655	60139.02708	69818.40118	102994.009	176305.2903
130	2594151.431	164892.9699	185341.19	148724.9216	145421.2741	199671.865	194463.1982	167952.7748	111862.9896	160701.3238	90749.05307	17179.86423	37839.79771	38887.90031	54517.36269	82435.20206	163072.9411
131	2580236.02	141847.5885	162338.0208	125955.4893	122623.3961	177534.3793	172593.3797	146838.8975	89198.0279	144072.9712	69942.10538	29359.75686	52829.67941	58795.70879	70658.39941	102322.1729	178443.9139
132	2579096.864	149139.6998	168520.9181	133818.3911	130452.0901	182168.8142	176905.5414	150360.4771	94670.76321	144264.9512	73157.72423	20226.30021	43604.86245	50157.40637	61441.55997	93479.84372	169190.9707
133	2567024.803	130284.0935	149400.7274	115461.7894	112062.8415	163575.1208	158511.7659	132565.4343	75660.3619	130455.6889	55625.21435	37578.11242	59452.53116	68173.2368	77063.4256	110751.3333	182568.3049
134	2584860.128	137560.4344	159577.35	120799.455	117536.5517	176685.4281	172137.0188	147366.5286	87756.05612	147970.0437	71426.58055	37827.27668	61411.36805	66155.14418	79165.91654	109854.8619	187320.518
135	2567024.803	130284.0935	149400.7274	115461.7894	112062.8415	163575.1208	158511.7659	132565.4343	75660.3619	130455.6889	55625.21435	37578.11242	59452.53116	68173.2368	77063.4256	110751.3333	182568.3049
136	2573877.114	140678.6079	159991.6832	125535.6188	122156.5148	173908.0965	168737.0267	142457.1207	86204.21066	138098.7312	65309.87252	27776.87072	50523.68369	58186.27575	68323.48912	101202.5579	175189.866
137	2584017.87	168021.5196	186325.0273	153098.8192	149715.7037	198056.4309	192374.0481	164838.374	111991.3705	153389.869	88088.13863	3580.639411	25452.00193	30662.3778	42987.16397	74019.24088	151500.641
138	2593212.058	177104.8931	196125.6244	161649.4274	158298.7915	208406.1446	202784.5664	175339.0872	121947.0316	163649.9542	98507.78275	13078.71617	24628.71528	24011.89209	40206.56573	67635.16609	148491.3919
139	2571547.468	134783.2652	154327.7708	119600.6659	116221.6139	168762.5238	163719.3967	137781.4416	80739.44168	135172.3515	60814.71503	33651.83023	56182.91606	64108.14218	73937.91024	107055.9404	180356.3927
140	2583863.384	166665.5402	185075.2917	151695.5693	148314.5957	196974.8898	191326.6556	163866.275	110772.2698	152831.0579	87045.00102	4205.099303	26833.83268	32102.56384	44408.64129	75480.48353	152895.1492
141	2582992.843	209025.2392	223850.0115	195748.7207	192308.7296	230339.8323	223702.7835	194392.8813	149608.2744	171287.8009	121876.2108	44453.24561	21589.06888	19079.9833	6025.379042	30604.2976	106937.9063
142	2589194.257	182077.9889	199959.3579	167246.7675	163861.927	210758.1955	204867.8684	176873.028	125509.596	162466.9876	100695.2052	14611.1078	16098.17234	16588.26741	31445.03148	60192.20511	139867.0741
143	2581714.342	191724.2844	207581.2923	178002.1834	174573.3591	215742.1553	209400.443	180573.2394	133116.2846	161345.075	106297.2431	26178.08268	4725.666815	11310.50503	15594.08575	47936.52979	124230.1465
144	2595561.43	209786.8506	226420.0341	195431.052	192028.3563	235011.2446	228686.7783	199857.2795	151902.4013	179742.9043	125458.4085	42395.51972	23964.92342	11950.38924	17635.56853	31873.94128	115402.897
145	2600634.294	214373.328	231405.8454	199746.1866	196356.4513	240362.2901	234083.4664	205322.3751	156877.7813	185405.3959	130694.977	46781.11018	29472.82766	16200.30074	22597.69515	29364.29696	114919.7784
146	2595430.794	199080.7579	216517.8161	184345.6789	180958.9882	226325.1503	220220.7902	191787.7356	142003.6585	174318.0539	116393.9323	31469.46471	17972.07564	2422.350889	21991.11706	43748.00723	126471.3702
147	2581258.772	205726.8794	220510.4751	192506.457	189064.7194	227038.1326	220414.7303	191128.3375	146272.9387	168330.9344	118538.7953	41532.78347	18425.95768	17767.07125	3439.261559	33938.25905	109224.7325
148	2565101.868	255212.7601	265237.2785	244430.3899	240964.1713	265129.0798	257561.7014	227342.2776	193477.6982	192623.705	163600.9097	99716.74325	76153.34576	75679.54037	58629.47191	41702.31238	50026.24666
149	2564728.762	277119.1116	286333.9835	266673.3507	263208.2208	284897.8794	277161.4193	246912.7133	215209.2154	209792.8798	185170.7383	122119.9846	98537.31771	97153.49908	80882.6914	59066.76636	28570.68484
150	2676476.506	218325.7698	245419.7483	198346.537	195646.1188	267116.8304	263274.03	239790.593	178329.3002	239407.7369	164382.4363	94159.42262	102416.8772	90417.29016	109837.0486	113417.7245	199736.9798
151	2702851.482	275940.6201	300680.1595	256905.438	253989.3136	318424.6076	313605.7117	287619.8263	229626.1226	277757.3322	210439.6329	127335.7714	123559.1669	107973.7734	121563.0671	105350.5861	177880.371
152	2675982.233	217931.809	245004.0441	197963.104	195259.5946	266675.5739	262827.6969	239332.9704	177882.6949	238932.3063	163915.4567	93693.95142	101985.6586	90009.77228	109441.7217	113126.5978	199482.0162
153	2677136.444	218505.5563	245666.6657	198496.4149	195804.7215	267456.3891	263634.8959	240204.9501	178691.9187	239965.6168	164853.1108	94849.90274	103181.7216	91203.90781	110630.6741	114211.5642	200515.4464
154	2677202.872	218458.1126	245633.221	198442.9524	195753.0177	267443.3942	263626.8125	240209.5768	178684.3757	240007.4277	164871.8458	94932.98919	103294.8594	91329.28637	110761.1069	114368.1733	200676.8147
155	2562514.92	243008.188	253171.9653	232236.5162	228770.423	253472.759	245968.9348	215775.3696	181293.0836	182095.7634	151446.1796	88437.87193	64974.25932	65864.73956	47805.71322	37546.96523	61178.12079
156	2677237.368	218783.3949	245927.1011	198781.2283	196087.5364	267688.5737	263859.8184	240410.239	178916.1249	240106.2379	165035.2609	94905.26989	103162.1269	91149.37326	110560.4462	114041.6315	200318.9696
157	2674256.592	214251.1802	241504.6728	194211.696	191528.3215	263481.0795	259713.3929	236438.8885	174779.511	236783.0813	161290.8308	92610.69694	101824.6333	90299.68547	109910.7381	114868.9719	201536.3626
158	2677737.515	217574.2127	244918.0955	197487.6267	194818.9269	266979.4622	263224.1774	239967.3092	178292.7218	240241.5997	164813.2097	95728.30384	104502.107	92712.75336	112215.5435	116230.1401	202623.2157
159	2675520.927	219426.3696	246273.7647	199553.8405	196823.5537	267609.1566	263679.723	239972.4907	178737.5971	238917.7562	164323.8715	92937.30825	100609.5884	88370.94378	107683.5874	110715.8014	196924.8218
160	2676321.23	218491.2164	245546.4714	198528.656	195823.4685	267186.6981	263330.2267	239811.3751	178384.858	239323.1877	164364.3336	93957.54693	102125.3483	90088.79325	109492.8114	112990.4586	199293.4905
161	2677477.768	218297.5218	245526.6439	198259.1373	195576.0418	267415.5063	263617.8052	240249.397	178677.9099	240189.0373	164966.0836	95271.67819	103745.2723	91824.91827	111275.048	114976.0351	201300.8855
162	2677047.583	218968.7984	246067.0951	198986.1346	196286.8038	267761.9033	263917.1067	240425.9672	178972.2428	239998.9301	165005.1692	94661.30222	102814.695	90759.46913	110152.2919	113538.2892	199796.8649
163	2672447.244	216140.6791	242941.3001	196297.5131	193558.7039	264255.3015	260328.4939	236641.165	175385.9092	235760.0505	161033.6209	90169.15927	98354.28279	86394.80602	105847.5757	109890.3764	196406.3586
164	2683711.584	237469.1389	263484.7017	217929.0344	215116.6502	283428.5134	279146.1328	254503.5709	194382.5716	250082.29	177966.4755	100835.9059	104074.159	90062.17991	107917.4818	104339.622	187937.915
165	2545988.326	300245.9736	306714.348	291317.5959	287870.581	301777.9611	293690.4358	263609.591	238024.913	221882.3405	207700.0891	151942.2777	128529.6296	128693.8202	111322.4627	91822.25638	6676.651172
166	2676592.726	218660.3142	245732.7172	198689.7851	195986.9095	267394.9473	263543.2321	240035.7703	178598.0368	239573.6767	164599.6852	94222.36728	102387.9793	90345.82801	109746.2913	113205.7847	199493.159
167	2675510.03	216518.0411	243684.6157	196511.2164	193818.5472	265508.039	261699.0225	238309.1453	176757.641	238251.8963	163015.2719	93470.41892	102154.8967	90363.57445	109873.2627	114069.4557	200551.7872
168	2674725.621	217514.7729	244466.7669	197600.362	194881.3913	265974.425	262089.2991	238501.7583	177143.8484	237854.393	162988.8092	92398.25881	100574.3347	88569.25401	107993.3976	111713.0297	198105.6014
169	2675516.574	217668.3481	244708.1188	197714.621	195006.7843	266337.3141	262480.1502	238962.9094	177534.7714	238508.292	163523.1923	93234.27705	101521.1283	89551.19474	108987.4847	112728.2375	199107.4169
170	2676541.656	218754.8998	245810.161	198791.7029	196086.7373	267446.9479	263589.0722	240065.5803	178643.6567	239555.073	164611.8338	94148.90221	102271.0505	90210.63192	109603.08	113019.0564	199297.0985
171	2676042.802	219723.339	246606.926	199833.9186	197108.3317	267989.2165	264069.9588	240387.2095	179126.722	239391.867	164761.6444	93448.94837	101127.9975	88883.38992	108190.8509	111160.1376	197340.0555
172	2676781.898	220632.0599	247513.6113	200741.3125	198016.2305	268881.1188	264956.387	241256.2303	180013.7676	240179.6229	165607.4139	94102.65501	101620.9217	89295.21033	108558.5476	111241.0563	197328.0592
173	2564867.597	221374.1532	232826.1344	210012.7937	206546.6108	235105.0817	227874.5372	197865.3303	160061.7683	167982.1564	130607.0208	65495.32089	42189.66183	45165.27342	25772.10866	33053.14876	84256.43404
174	2677233.649	221291.1604	248160.2347	201404.3592	198678.2853	269501.596	265569.336	241847.6188	180627.6512	240686.6413	166173.0929	94490.5799	101875.0306	89485.21102	108712.9645	111178.1353	197195.3868
175	2678064.986	218839.4406	246085.8142	198792.2905	196111.8851	267992.2018	264197.3999	240834.1552	179257.9134	240769.2174	165552.5865	95807.89896	104216.2171	92256.89976	111688.2545	115239.1604	201514.1123
176	2678534.007	218227.8868	245603.9207	198125.9331	195462.0259	267702.7548	263954.8673	240714.2254	179025.1535	241010.3975	165573.3723	96470.57383	105183.2033	93352.76836	112836.4095	116681.2561	203016.7468
177	2677636.359	218711.883	245915.9951	198683.4515	195997.4661	267764.015	263955.7551	240558.6917	179014.3259	240403.9711	165241.0869	95359.79797	103723.6882	91751.73001	111179.1834	114733.068	201018.7423
178	2678758.081	218709.8643	246061.7345	198617.2627	195950.5613	268119.9605	264361.3474	241091.2	179428.9548	241289.0587	165913.6192	96609.78539	105204.1172	93316.61852	112776.0101	116455.9263	202746.4867
179	2558903.779	179242.0378	192164.8196	167467.576	164002.3005	197373.8193	190638.8935	161229.3039	118506.6467	138996.7806	89815.76058	30434.40655	18964.69124	34507.64712	27371.4302	62967.02624	125708.9322
180	2557889.408	234563.1782	244440.271	224037.1611	220572.259	244599.557	237093.0104	206899.1542	172753.3904	173430.3072	142832.6622	82187.10943	59027.32751	61724.33957	42638.94005	39742.51977	68149.17177
181	2676233.343	220507.1246	247330.4664	200642.6573	197910.3272	268617.848	264674.8788	240929.2742	179734.6446	239727.1437	165235.4517	93540.4203	100984.9228	88636.96627	107891.2175	110561.7776	196660.2978
182	2675737.104	220354.931	247129.785	200512.5556	197774.1922	268351.1872	264393.3507	240610.9509	179455.5744	239308.6705	164881.3406	93038.2947	100429.6395	88067.46198	107316.535	109992.9771	196106.3055
183	2686869.141	239919.4013	266078.5244	220307.7049	217512.8862	286192.0994	281942.4616	257371.4913	197151.2289	253095.8722	180878.9468	103872.1162	107031.8367	92963.20001	110725.1469	106613.5581	189798.3003
184	2573588.234	259586.8247	270504.7304	248236.9564	244771.1126	271344.7046	263878.924	233701.5827	198146.5284	200038.3911	168508.7278	101079.7995	77532.54624	75260.89773	59723.43753	37456.78717	50656.99147
185	2564871.055	221374.7453	232827.1973	210013.0945	206546.9125	235106.6701	227876.1898	197867.0372	160062.5521	167984.5499	130607.9732	65494.14491	42188.26431	45162.85927	25770.07389	33049.88815	84257.29402
186	2566839.314	249681.9187	260144.6092	238677.2127	235210.7136	260650.6294	253160.2962	222972.181	188069.8463	189271.3147	158302.8666	93389.8858	69818.48104	69338.17775	52266.00907	36591.20196	56400.35852
187	2576468.908	208333.4788	222223.9227	195624.2835	192171.5611	227647.3694	220860.4418	191345.4565	148264.1239	166763.6081	119968.783	46329.43324	22765.16029	24373.13154	5059.87849	32683.81058	103580.8329
188	2679492.423	219826.7288	247151.1007	199743.513	197074.1116	269155.9354	265382.1582	242068.5794	180446.3535	242107.4017	166834.5128	97182.20833	105546.8948	93544.89502	112952.3771	116273.7264	202457.5631
189	2686935.87	239916.8806	266084.3434	220301.3949	217507.5019	286209.5845	281962.5437	257397.8735	197169.2101	253141.6507	180909.9253	103928.4155	107104.6719	93040.53983	110807.7454	106709.3389	189897.0443
190	2685189.387	221250.3085	249158.049	200917.9496	198329.6884	271986.6789	268407.5705	245590.1294	183548.0172	246934.698	170917.7831	103299.8018	112341.8816	100558.0841	120039.4458	123494.0539	209580.9105
191	2567122.925	278825.1023	288264.9283	268233.5579	264767.7459	287059.3377	279345.0662	249096.7654	216969.2681	212209.2476	186974.5327	123035.6936	99452.36169	97658.09411	81732.23321	58838.85341	28618.09886
192	2674131.339	204101.1514	232529.7911	183590.264	181065.5607	256332.2326	253034.4923	231039.6039	168434.3154	235141.0983	157630.4003	96716.9209	109221.9045	99371.01367	119327.8359	127960.121	215196.2465
193	2548381.043	296706.62	303517.774	287591.0671	284140.7664	299022.843	290976.0319	260855.3587	234495.5701	219683.8565	204184.8596	147583.3436	124142.4924	124169.121	106884.3361	87226.16155	5107.282227
194	2575973.504	210709.4467	224378.9282	198110.1188	194655.5921	229484.5164	222647.8132	193066.4202	150505.3165	167855.5819	122075.2068	49069.75305	25498.285	26749.65696	7804.351552	30956.68822	100833.8314
195	2571855.049	261590.2222	272214.3006	250402.3147	246936.0108	272677.0466	265165.3686	234966.6256	200050.8878	200740.7447	170329.6381	103746.3603	80179.84012	78165.08909	62398.76897	40519.16687	47632.30337
196	2676040.661	210670.3322	238575.9427	190360.0107	187762.7201	261532.0171	258008.2316	235382.2781	173189.7843	237607.7335	161047.5411	95956.53594	106708.9612	95897.29549	115702.3926	122168.9336	209083.4982
197	2693872.924	256278.7781	281721.0722	236958.7354	234098.9281	300647.8988	296109.2632	270805.9727	211643.2729	263745.3775	193846.9462	113315.5471	112927.7359	97883.04714	113817.008	103822.2085	182983.1235
198	2566789.536	216768.774	228734.5854	205140.1247	201674.9639	231719.9058	224587.8403	194670.2468	155665.2037	166055.8107	126410.35	59841.08828	36506.76013	39811.87826	20202.09248	32976.84405	89839.5962
199	2561016.376	196748.6967	208930.9153	185203.8565	181737.9391	212723.9619	205744.3845	176001.7469	135690.4259	150029.4916	106561.3802	43673.87154	22914.19864	33592.92418	16860.14639	48450.71836	108211.4117
200	2574205.421	220721.8752	233553.0663	208533.1616	205073.1038	237437.0149	230413.365	200604.9079	160055.8128	172988.4236	131169.2411	60389.47415	36807.9768	36996.35726	19126.68031	25526.00403	89535.99241
201	2572230.08	202378.0475	215993.5852	189895.7414	186438.8103	221261.8327	214468.0537	184949.961	142119.7422	160610.8743	113698.715	42168.54732	18758.09664	24470.62675	5537.675982	39074.98821	107419.3152
202	2578420.474	231272.5856	244127.7775	218978.2398	215520.0205	247793.6437	240720.6203	210854.8315	170643.1608	182305.353	141744.3601	69810.34828	46360.36096	44126.31873	28521.90867	18675.06356	81360.82445
203	2570594.045	266301.214	276591.4811	255281.1733	251814.6781	276582.7595	269012.0883	238790.9329	204661.7191	203793.9012	174853.4642	109031.9117	85458.26057	83506.91693	67693.85463	45429.20203	42384.02619
204	2567007.737	270079.2503	279800.4397	259375.2202	255909.1052	279068.0842	271413.7796	241171.8958	208283.0243	205137.3592	178342.9045	114152.6582	90568.10681	89082.27906	72879.89319	51387.86141	36567.19172
205	2564833.514	259755.2546	269577.4311	249061.6725	245595.671	269149.2726	261540.6063	231308.7406	197971.3286	196011.2507	168049.3523	104439.0858	80870.63359	80200.28518	63317.42371	45097.69195	45382.76454
206	2676040.661	210670.3322	238575.9427	190360.0107	187762.7201	261532.0171	258008.2316	235382.2781	173189.7843	237607.7335	161047.5411	95956.53594	106708.9612	95897.29549	115702.3926	122168.9336	209083.4982
207	2568655.162	232733.7705	244174.6357	221276.6369	217810.9122	246170.7718	238884.0783	208825.7893	171442.4138	177909.3155	141977.767	75273.34264	51716.72247	52167.23379	34292.38576	28429.94562	74375.78016
208	2566743.631	269906.0512	279601.4986	259218.6231	255752.5582	278842.5228	271185.5621	240943.2464	208102.888	204881.0839	178157.158	114069.434	90484.999	89048.18166	72804.82957	51448.0188	36570.62859
209	2568884.915	253741.0635	264303.2602	242646.108	239179.6383	264843.4118	257351.1962	227161.79	192168.2058	193338.599	162428.9781	96749.02555	73164.56621	72048.46277	55493.39962	37231.73687	53449.20841
210	2566839.545	222402.9003	234088.0663	210890.5107	207424.874	236609.4061	229407.0873	199421.9466	161189.7298	169809.713	131819.8839	65546.9149	42118.96093	44387.44428	25304.12095	31022.75809	84067.26647
211	2685189.387	221250.3085	249158.049	200917.9496	198329.6884	271986.6789	268407.5705	245590.1294	183548.0172	246934.698	170917.7831	103299.8018	112341.8816	100558.0841	120039.4458	123494.0539	209580.9105
212	2567338.054	210695.6311	223070.274	198879.5373	195415.4425	226684.2684	219646.901	189829.6815	149769.6285	162510.394	120697.6695	53382.09143	30161.64455	34730.21015	14753.94377	35653.89907	96362.16493
213	2587599.333	253323.8094	266266.5949	240812.9711	237359.1072	269583.1627	262427.7274	232473.8385	192784.9802	202351.5113	163884.7401	90235.51168	67253.5555	62130.64144	49669.90899	20699.16747	66799.74953
214	2672482.592	216156.6395	242960.2155	196312.102	193573.6671	264278.1292	260352.1876	236666.9801	175409.5065	235791.3247	161061.5148	90204.69321	98391.53976	86432.16486	105884.8356	109924.6397	196439.1923
215	2579597.025	273003.3012	284114.2948	261450.4896	257985.8511	284940.9062	277456.4382	247268.7971	211656.0168	213108.5748	182074.5713	113102.3295	89695.871	86053.41371	71859.4628	45025.26133	43266.5444
216	2571491.834	246558.5231	257755.5091	235136.28	231670.5846	259172.4903	251793.1276	221666.6478	185198.9034	189299.5537	155648.2687	88362.38064	64781.71886	63502.20471	47053.11591	30249.58993	61999.72499
217	2673645.92	215193.9969	242259.8343	195234.8208	192528.1598	263958.6658	260123.514	236672.5696	175179.4283	236492.3886	161321.693	91684.49024	100449.6537	88728.89358	108272.1813	112805.3847	199398.7543
218	2565235.353	241707.503	252287.0621	230695.1817	227228.6882	253093.4815	245649.8396	215486.2684	180119.0067	182531.4286	150382.8059	85930.36996	62405.58816	62836.04041	45062.45676	34257.64079	63661.89507
219	2571804.944	273595.7578	283764.7903	262600.6238	259134.1261	283488.6841	275879.783	245647.3061	211929.9837	210070.8193	182093.6037	116126.4134	92569.14531	90199.91399	74771.78578	50873.17421	36597.06747
220	2574205.421	220721.8752	233553.0663	208533.1616	205073.1038	237437.0149	230413.365	200604.9079	160055.8128	172988.4236	131169.2411	60389.47415	36807.9768	36996.35726	19126.68031	25526.00403	89535.99241
221	2577942.69	224993.765	238120.8953	212589.5443	209132.6448	242245.9447	235245.4957	205459.8724	164500.4843	177915.1366	135742.8452	63361.3122	39885.93663	38251.21718	22044.862	20780.35139	87383.55353
222	2571690.987	229646.2121	241655.8507	217872.9045	214408.99	244378.8703	237188.0357	207210.3375	168592.9344	177453.215	139340.6359	70772.60818	47189.01404	47129.56975	29581.65505	25311.75864	79071.41556
223	2673645.92	215193.9969	242259.8343	195234.8208	192528.1598	263958.6658	260123.514	236672.5696	175179.4283	236492.3886	161321.693	91684.49024	100449.6537	88728.89358	108272.1813	112805.3847	199398.7543
224	2672547.595	216207.9963	243014.5775	196361.9729	193623.9492	264335.9925	260410.7398	236727.0607	175467.9847	235853.9003	161122.8349	90266.09257	98448.29652	86485.64375	105936.6691	109962.1497	196472.1822
225	2577153.903	251189.2155	262911.6811	239418.0864	235954.6618	264845.1781	257520.8148	227430.3388	190052.3795	195545.6597	160676.471	91142.55713	67661.25882	64926.60647	49820.71673	27820.74711	61013.17267
226	2592822.996	249570.2226	263360.0228	236585.3854	233141.038	267742.7459	260732.2478	230923.3918	189519.176	202426.1307	161018.538	84976.21645	62486.63432	56048.01625	45363.44335	13266.26707	74500.10205
227	2586811.712	253993.8077	266805.6091	241555.8739	238100.8	269956.1181	262778.5157	232804.5011	193385.8394	202428.5379	164428.6542	91153.24122	68113.43935	63173.6407	50483.92278	21925.22165	65560.6761
228	2581794.549	228113.032	241604.4519	215464.7679	212012.1322	246081.6496	239122.0576	209380.2815	167838.7529	182141.3368	139251.0193	65277.78525	42033.27201	38809.64051	24332.0484	16496.32596	86714.29003
229	2588851.077	258133.8504	271001.0071	245635.7486	242181.8659	274140.0098	266954.7757	236972.8463	197562.7044	206405.186	168622.8347	94981.70919	72046.55035	66688.76415	54484.02346	24488.48371	63566.65857
230	2581383.681	248982.4854	261346.425	236845.0545	233385.4115	264069.7027	256845.9812	226833.7191	188136.7365	196103.9616	159002.6865	87457.29451	64132.31446	60482.91089	46330.46625	22291.43753	66060.28098
231	2553966.019	301492.6001	308810.5381	292042.9162	288587.1129	304821.5905	296815.8063	266661.4477	239315.0657	225957.6053	209039.3094	150362.6191	126826.9627	126042.8232	109347.5511	87667.61877	1755.125392
232	2587655.705	240091.9491	253718.0582	227270.3549	223821.82	258095.2316	251100.0075	221312.0553	179922.9034	193273.0748	151367.196	76221.36382	53380.73854	48123.46024	35993.65615	10382.32359	79163.50098
233	2606504.122	241545.95	257539.5727	227328.1754	223923.143	264689.2329	258079.6031	228776.7873	183108.1772	204560.7271	155914.8262	74299.09797	54321.16165	43781.74024	40205.43611	9314.670454	93903.78117
234	2592300.424	260673.4256	273841.2513	247981.9675	244531.8072	277287.9814	270138.2502	240187.3042	200271.8117	209928.7946	171457.4496	96820.25043	74109.5918	68064.37862	56716.83639	25026.2292	64374.70748
235	2593091.493	265682.3606	278708.0996	253043.354	249592.3831	281900.2301	274710.9829	244723.5204	205209.927	213923.6042	176326.2509	101914.6902	79202.94879	73098.23653	61789.81434	29867.47094	60991.35196
236	2596851.18	255659.591	269635.1869	242525.9801	239085.6582	274124.3696	267118.3965	237311.7526	195736.1284	208683.8612	167311.431	90548.93816	68341.86739	61169.27248	51435.39089	17544.95107	72668.79656
237	2591503.57	251152.3418	264693.7894	238303.0007	234855.6671	268754.2348	261698.5833	231841.9274	190951.8922	202829.2425	162327.1016	86957.09077	64312.62037	58239.01411	47029.42999	15754.10236	71967.59344
238	2478254.674	34956.59447	22114.55563	50246.96903	49969.61467	41120.12802	40991.11914	40597.27103	53991.2061	91970.51816	80738.00852	164819.318	182059.0775	194492.9085	197146.1427	233021.9535	285307.3961
239	2493026.982	43397.23435	46671.57738	47834.48872	45862.24787	61472.01799	58441.03439	43230.23361	28785.82486	83423.70109	55721.37274	139478.2044	156747.0969	169133.2597	171953.8698	207813.1937	261884.2296
240	2487755.287	39886.2056	38984.87525	47935.66879	46476.97704	54186.20964	51728.30963	39990.54491	36810.05406	84657.4778	63449.71129	147500.4461	164678.8713	177125.339	179801.9691	215672.3714	268929.9639
241	2456564.193	65793.93406	45540.78054	79138.86862	78220.61965	31859.15485	25227.28852	10282.26901	61457.09146	64102.15765	79130.87905	165461.8896	179559.1871	193399.7721	192890.7595	228524.864	272279.065
242	2457020.133	72540.12411	55130.24836	83881.23601	82587.16149	40952.06569	33452.69814	4775.055679	58570.85135	54407.59351	72736.61672	158611.8114	171876.2043	185992.5205	184767.3748	220255.3085	262513.4263
243	2448735.573	66497.54661	40172.68	82689.71088	82320.77221	18331.396	12046.43833	20556.32104	73027.46197	73061.67915	92327.30452	178713.1008	193032.468	206808.522	206424.7734	242067.5173	285318.447
244	2470290.873	39573.11958	16616.9807	57194.96775	57327.5991	32564.96568	33671.23015	39897.91502	63142.98508	93214.003	89095.94059	173790.5476	190690.5692	203315.8807	205561.3748	241448.4422	292219.3625
245	2464445.034	42556.68214	10534.52169	62457.14354	63181.09535	28265.03541	32348.83715	47030.03513	74604.01102	100976.2386	100808.4415	185374.7619	202382.2806	214961.7475	217274.286	253161.2231	303570.532
246	2460158.268	46711.54021	13429.77568	66981.15124	67816.78872	25194.18839	30391.54557	48393.91009	79385.64004	102260.5083	105227.2826	190061.9391	206892.9857	219569.6612	221672.7171	257559.7367	307185.8332
247	2443114.605	66094.06685	34085.71284	87522.8851	89018.21057	31500.00533	40142.27706	67441.22916	105443.9009	119072.2301	130981.9324	216085.6277	232730.0731	245523.2621	247332.7443	283210.5474	330922.3207
248	2462781.423	49133.77359	24435.50572	66020.82702	65908.17136	25456.43763	24905.60031	31417.88645	65154.05393	85269.08199	88882.84611	174650.2648	190648.8941	203719.9704	205017.1716	240877.5475	289047.8236
249	2453110.886	65212.18207	41880.60786	80075.89724	79442.46276	25103.6525	18738.84125	15113.15253	66819.50761	68811.00246	85552.76744	171928.3885	186201.3942	199986.2778	199600.066	235249.8963	278919.7631
250	2460137.77	49449.80134	21029.27684	67666.31666	67863.35614	21998.14395	23528.37035	36023.69318	70790.87617	89968.67562	94988.77741	180624.571	196764.5294	209775.7689	211189.1981	247054.8276	295231.5365
251	2466423.781	43670.27122	18600.2058	61334.74345	61440.25453	28569.82981	29517.25277	37231.93509	65296.71148	90926.23265	90439.37289	175616.8501	192170.4786	204975.0757	206844.0329	242728.5362	292399.1157
252	2451407.257	55910.3406	22514.77927	76992.26343	78190.23391	24921.11406	32684.08157	56842.33784	92282.77807	109802.809	117890.7632	202916.8603	219616.3475	232371.6626	234284.9766	270167.7465	318709.0638
253	2474667.692	35101.78755	15767.13637	52573.63022	52721.16129	37112.36695	38283.80108	42923.20954	60716.65773	95653.45237	87511.88597	171575.6828	188848.5834	201271.1309	203930.0773	239806.9816	291779.8356
254	2458604.606	48250.16632	14732.22571	68651.82358	69533.23892	24347.74057	30000.03794	49195.7514	81265.37379	102969.2579	107001.453	191911.4741	208689.6133	221395.3774	223434.2221	259320.4399	308687.0322
255	2455778.728	54320.61328	25306.93291	72430.92377	72571.99425	17565.61561	18656.70966	33577.13925	73325.22202	87308.68788	96514.96663	182494.9393	198214.3106	211421.3643	212394.5698	248226.7376	295088.0011
256	2450707.196	59983.95185	30487.97082	77995.11156	78081.63467	12790.63255	12993.35714	31494.36446	76593.13445	84505.07384	98604.9405	184848.6619	200079.013	213500.9375	213970.8904	249745.9445	295068.1644
257	2446551.054	65309.67189	36090.56729	82947.19176	82915.65422	10854.29711	7852.094772	28607.34453	78542.70574	80520.50795	99211.2514	185591.7557	200293.1322	213930.8281	213876.5187	249572.1763	293359.4655
258	2456560.156	52507.33198	22402.14515	71164.50966	71459.29845	18300.23717	20785.23958	36955.65625	74686.80919	90713.64239	98542.12593	184325.5287	200299.7719	213392.5016	214617.5471	250469.7195	297937.7226
259	2456959.63	50999.99687	19339.28694	70369.50567	70877.80892	19516.34499	23562.59466	41409.12388	77217.73848	95147.12338	101781.3749	187301.6272	203558.4372	216520.4956	218025.2161	253894.1818	301992.6019
260	2460966.076	46705.81387	15384.70399	66143.75195	66695.73881	23803.70429	27529.54435	43034.53005	74804.14984	96966.1105	100111.7496	185251.9586	201844.964	214639.3454	216507.1247	252390.5792	301589.6523
261	2487514.122	110956.0782	110559.477	109638.8436	106674.5489	105888.9315	98322.39805	68139.03435	54494.14352	49795.42285	34526.26215	102224.9379	111146.3373	126208.1014	122183.594	156995.6572	198260.0866
262	2474508.799	117237.4176	112915.7547	118132.1362	115355.8153	103397.6864	95320.89732	65233.07176	64774.30811	37120.84266	47996.8569	113561.9165	120680.7734	136051.4907	130444.4011	164445.1414	199976.8667
263	2493586.323	153981.2194	155061.006	150211.4069	147016.7548	148423.9429	140419.6215	110260.4103	93972.39501	74488.98548	65986.18397	87929.87837	87214.73014	102879.0722	92789.43866	124165.3282	154886.7155
264	2495685.625	165415.5275	166857.6374	161149.5696	157917.0354	159995.0236	151935.4725	121826.2349	104955.7556	84114.03071	76318.2154	87103.71631	83247.50772	98667.03836	86715.25966	116361.5445	143368.7967
265	2498734.261	155385.8809	157591.1352	150860.8813	147618.5302	152092.9949	144188.2924	113969.3675	94695.43348	79618.42018	65955.60662	82755.57039	81681.87012	97340.01447	87259.07772	118801.4921	151312.8316
266	2500136.127	172066.2701	174338.5609	167134.4133	163860.053	168061.5926	160035.2468	129894.9498	111085.4158	92242.86594	81875.95477	84191.03874	78328.56044	93486.16677	80499.7279	109130.1621	135259.012
267	2498390.922	152557.7208	154726.5366	148125.9571	144890.925	149352.0266	141469.2651	111241.5786	91941.52354	77545.60164	63325.96638	82956.45047	82683.58949	98370.54959	88771.31672	120690.1766	154096.3967
268	2467065.87	84370.99861	74849.23114	90367.92846	88253.3173	65225.05482	57576.93342	27404.23053	49142.34944	40897.97727	53687.67822	137394.6536	149310.169	163790.6343	161586.0984	196857.9572	238289.5888
269	2496108.539	149740.8461	151429.1437	145689.6706	142479.9663	145704.2081	137798.9161	107579.7498	89460.78817	73883.14407	61269.99487	85244.97985	85711.74423	101411.7809	92170.07189	124297.0191	157689.0093
270	2482275.12	149774.3801	148256.1057	147774.8194	144707.9921	139059.4076	130855.5555	100950.5846	91833.92352	62146.34967	66147.64487	99498.76734	99862.58229	115550.7231	105714.5901	137005.3047	164787.7108
271	2480811.688	101768.085	99006.25967	102450.2072	99685.4943	93076.92093	85478.82553	55288.9552	49630.38668	42946.13143	37231.93046	113059.4265	123104.3107	137977.7791	134595.9154	169579.4635	210796.6633
272	2477066.725	130550.1889	127387.1489	130189.5371	127277.474	117825.927	109669.0233	79690.59482	75329.64011	45123.98076	53815.59305	107184.0241	111786.3967	127392.7183	120143.0218	153250.6665	185738.397
273	2468638.735	81987.2386	72912.19217	87909.95799	85796.09181	64357.24262	56873.45141	26885.20611	47100.56923	43354.33822	52774.93822	137043.5199	149305.8719	163689.0429	161784.9173	197144.1729	239408.5009
274	2457093.268	73626.09215	56597.11222	84678.58744	83332.71092	42373.87894	34792.34605	5368.20057	58277.41519	52967.88165	71847.83945	157608.101	170738.5915	184896.469	183558.6147	219020.5553	261042.9542
275	2465796.401	85694.79723	75752.39708	91839.48916	89738.28445	65363.4268	57613.50783	27380.35688	50627.87006	39410.78076	54696.45209	138076.0638	149788.4281	164324.7793	161940.2053	197154.9198	238037.2241
276	2499683.504	165506.7935	167774.6673	160711.8631	157448.2896	161807.1092	153826.5304	123650.4259	104617.5442	87186.55839	75552.91422	83127.56811	79138.65006	94563.87476	82719.14643	112642.4238	141506.9104
277	2473539.54	99286.1839	93783.2775	101834.5181	99265.97959	85384.90747	77577.84094	47329.19376	51810.13904	36559.9142	44178.13932	121968.2142	132036.6303	146927.9527	143414.5409	178303.4383	218021.1239
278	2505393.97	179384.5514	182562.3115	173739.8511	170425.0024	176954.6144	168969.7796	138797.3413	117950.819	101334.5193	88278.44491	81440.14264	73234.65414	87962.47434	73787.02309	101086.8713	126359.8503
279	2494634.129	135772.3466	137260.5414	132255.9147	129092.3641	132267.3049	124495.2041	94246.52568	76031.27577	64840.55591	48914.27951	87896.9184	91968.22757	107576.3793	100550.573	134084.4879	171427.2498
280	2497538.751	146050.408	148115.4924	141856.7057	138640.6683	143028.6327	135199.3559	104956.7966	85636.22391	72923.19142	57375.08536	83854.82124	85374.24777	101075.1195	92555.52243	125234.083	160543.4349
281	2480504.012	109688.9546	107031.3377	109880.252	107051.7597	100154.4431	92377.62096	62129.07273	56092.17036	42353.67141	39806.73748	109959.3607	118672.3569	133793.546	129445.831	164072.202	203351.4639
282	2488477.527	128200.8643	128119.3504	125953.8704	122889.9154	122059.9547	114225.1529	83982.2299	70054.872	55459.19602	45422.15268	95745.85512	101255.4361	116765.9037	110455.89	144273.3256	181415.4143
283	2487999.822	118089.5645	117860.3123	116337.8754	113326.2653	112590.3869	104901.5819	74664.24641	60781.59295	51580.89327	38382.84754	99123.66123	106723.2841	121991.402	117066.8953	151530.4568	191219.07
284	2488457.576	122028.2903	121936.9656	120023.9635	116986.6529	116424.9933	108683.1978	78436.12888	64286.6778	53166.93192	40794.87521	97412.44046	104242.3849	119610.6132	114178.7177	148424.7421	187255.2853
285	2471605.713	97055.55552	90675.11742	100282.1441	97793.77429	81724.89898	73896.8803	43649.15756	51594.02205	35691.51715	46156.46886	125184.2431	135509.3658	150352.9558	146995.082	181926.6478	221649.4204
286	2473047.519	102258.2119	96746.42453	104640.169	102046.072	87879.10708	79992.64103	49758.48777	54085.96652	35333.95738	44914.64445	121101.8953	130695.2047	145681.4563	141807.4839	176559.836	215457.2917
287	2473499.357	101946.2064	96580.40383	104254.805	101653.7657	87913.71271	80049.15545	49808.56526	53619.11027	35827.8024	44430.43961	120754.5515	130414.0079	145386.3455	141569.9012	176347.3041	215439.2505
288	2473793.288	102638.4503	97416.42954	104818.4087	102202.1059	88797.86262	80929.74209	50690.23506	53935.3286	35961.06346	44224.4884	120117.7858	129680.9792	144670.8272	140789.5642	175544.4916	214553.4437
289	2475886.895	99323.1786	94693.1541	101325.2482	98699.01978	87199.27201	79477.43827	49239.03334	50472.82046	38681.83618	41796.00221	119416.2953	129581.8425	144446.2608	141050.7965	175996.4734	216341.5543
290	2499280.231	162252.8685	164480.844	157554.1031	154297.7087	158635.2662	150675.5908	120485.6644	101432.7583	84617.95887	72470.91887	82969.92049	79922.66468	95445.56864	84165.62524	114646.9241	144693.2085
291	2487130.289	113193.8427	112686.765	111840.67	108869.5117	107647.2529	100022.1118	69808.13495	56619.62648	49688.30769	36030.30702	101750.8606	110233.5228	125370.5726	121029.4588	155719.4789	196318.2984
292	2471855.328	103326.3229	97447.44247	105877.4108	103298.5542	88033.35271	80085.9303	49880.46032	55482.86229	33980.67688	46224.06918	121916.129	131298.7991	146327.7418	142275.8522	176950.3472	215277.6624
293	2472349.965	95035.31991	88803.25116	98297.68357	95819.35613	80360.06151	72608.77238	42365.92504	49918.59998	37138.71711	45470.79324	125395.2166	136042.0535	150814.0198	147712.1946	182735.4192	223099.6061
294	2479363.469	105173.1375	102009.1506	105919.8848	103153.4943	95186.70197	87460.51937	57218.65475	52968.93028	41163.81011	39374.89393	113043.2938	122458.3418	137459.2122	133587.6037	168387.8185	208393.358
295	2476152.249	93930.91622	89124.97266	96383.25795	93819.99674	82350.42918	74777.8212	44619.8908	46797.4903	40672.1084	41522.22166	121841.2638	132814.0041	147500.9295	144715.9014	179861.483	221461.2034
296	2539281.993	263237.4876	269749.2279	254528.5055	251087.96	265481.1865	257484.8395	227322.9759	201014.033	187220.2743	170683.2541	118936.835	96166.92109	99154.74167	80128.00019	70195.64884	37853.01944
297	2519074.948	204544.7643	209593.7423	197331.9405	193942.3007	205131.4162	197198.7954	166995.9188	142487.2869	129142.5046	112249.0584	82470.47488	66741.61706	78617.70188	60465.50246	79991.19544	98313.83628
298	2528039.898	181107.6938	188426.3995	172812.3723	169391.6193	187309.6643	179774.2668	149575.5428	118884.2412	118153.5975	88551.37694	60726.29503	50362.28216	64940.38669	51095.06334	80536.85063	119349.8645
299	2538046.843	261680.2874	268073.1981	253056.0205	249617.4762	263700.8362	255696.7286	225540.538	199456.953	185361.0591	169123.2507	118061.0312	95391.35378	98658.71569	79511.63556	70443.03707	39615.25004
300	2545418.272	282412.4718	289213.054	273392.0526	269944.0964	284931.4061	276915.3672	246768.6404	220197.548	206149.5251	189882.3197	134692.001	111409.2553	112419.9581	94470.4425	77927.09373	18378.67146
301	2530501.68	243497.3501	249326.1857	235372.3088	231947.8574	244696.5078	236689.9146	206535.2729	181298.4641	166637.4908	150966.7595	105422.3147	83952.47957	89847.58488	69939.37666	69857.74863	58614.18985
302	2473297.282	306447.2051	304680.974	302579.0382	299330.2351	290557.2762	281923.2754	253794.2942	246405.9437	203554.3291	217420.9697	189559.3975	169146.6494	175528.9853	155624.6588	150547.192	81209.06589
303	2474071.739	309338.8482	307677.283	305386.8181	302132.78	293626.552	284994.1494	256845.4181	249227.2806	206640.7552	220191.4339	191564.4781	170994.3589	177163.6989	157291.9696	151571.308	80774.16085
304	2475080.977	303820.1052	302244.9683	299848.0171	296593.6379	288363.7923	279738.2129	251522.1366	243689.888	201472.0712	214652.0297	186494.3856	166081.0439	172482.0097	152573.8505	147653.5666	79151.47992
305	2502160.235	200435.1644	202734.4291	195009.9697	191699.2203	195367.5792	187190.8135	157228.9253	139164.1734	115921.0284	109556.9652	94052.66619	81076.73169	94080.59374	76838.68276	97623.07014	108700.3624
306	2513248.638	188535.8447	192968.2849	181942.6542	178581.1732	188376.8835	180464.7801	150251.258	126659.8067	113366.1656	96577.28845	78106.6305	66752.68685	80660.31929	64941.50425	90219.23043	115094.036
307	2535174.178	252064.8235	258317.255	243604.0956	240170.1306	253979.1734	245988.7153	215822.4464	189844.6522	175980.4055	159508.24	110573.0868	88364.21377	92822.26321	73235.96714	68414.5016	49360.40047
308	2542821.217	281128.015	287652.7539	272283.9703	268839.5227	283079.9354	275039.294	244913.033	218905.8881	203993.8273	188579.1325	134506.5597	111314.8047	112712.9069	94533.55147	79000.87801	20355.22941
309	2513638.376	225014.7642	228799.9678	218345.44	214972.8215	222339.5508	214199.5389	184182.717	163153.5755	142800.1005	133045.2225	101091.0051	82871.21391	92555.01784	72986.0876	83791.37605	81626.92983
310	2545418.272	282412.4718	289213.054	273392.0526	269944.0964	284931.4061	276915.3672	246768.6404	220197.548	206149.5251	189882.3197	134692.001	111409.2553	112419.9581	94470.4425	77927.09373	18378.67146
311	2519296.372	229385.7953	233931.6156	222194.5501	218801.4548	228203.5095	220118.8316	190035.3577	167356.4642	149352.8916	137128.0445	100550.8905	81237.19658	89931.05484	70095.23796	78348.95503	75336.0026
312	2536689.392	254153.641	260553.9656	245584.7303	242148.0071	256339.4854	248357.8706	218185.5733	191930.7362	178422.7213	161596.1209	111710.8722	89330.77388	93402.59048	73939.26391	67891.19124	47033.84284
313	2503095.344	200192.5192	202653.9177	194668.4065	191352.7902	195473.7681	187312.3254	157327.2386	138861.0499	116266.5472	109204.9093	93124.31794	80098.60167	93096.39351	75860.36159	96737.12039	108458.1835
314	2498629.431	175888.1701	177818.9836	171100.1527	167832.1206	170996.3007	162913.1143	132828.8055	115019.1236	94043.83732	85886.18127	86748.62356	79920.61915	94883.34222	81224.97055	108891.279	132429.1087
315	2529494.329	244790.6774	250452.2066	236757.2742	233335.2591	245605.973	237578.5305	207440.5652	182602.3056	167238.8735	152275.1157	107144.1617	85688.29357	91567.15094	71664.16878	71261.61523	57718.09814
316	2519348.533	208018.6978	213029.3699	200784.7338	197393.663	208415.89	200462.9161	170271.332	145959.0271	132013.1337	115717.7378	84601.32674	68189.45642	79596.15956	61056.38484	79055.25546	94970.86602
317	2527930.259	226572.7154	232448.3106	218584.137	215165.4352	228277.2595	220335.3543	190138.2101	164382.5799	151483.3906	134055.2194	92508.46894	72537.8634	80747.33553	60848.97426	69328.79835	75199.43876
318	2540019.409	273599.1088	279959.4186	264906.8701	261466.0458	275330.0905	267291.3371	237163.3608	211375.5612	196363.1757	181042.9699	128457.7963	105464.446	107646.3717	89026.89659	76002.69319	28059.21917
319	2480166.16	237885.8917	236622.4297	234253.2394	231031.9379	224286.5741	215750.9699	186902.0526	178032.3611	138844.4041	149375.4158	133842.0891	117580.5292	128241.9517	108937.1789	119057.1087	94944.61776
320	2530821.076	245385.0642	251213.4769	237243.2925	233818.1968	246541.4487	238528.7824	208378.8612	183185.097	168364.0936	152852.9317	106913.9443	85318.48384	90976.83556	71107.29311	70138.46101	56768.28047
321	2525023.178	212022.1963	217834.1674	204237.4427	200826.9561	213992.4133	206105.0942	175882.4024	149852.0857	138387.1842	119536.3908	83102.59692	65304.74133	75794.09967	56716.22663	72819.25443	89719.72978
322	2525810.555	234523.9019	239903.3494	226762.0143	223349.1858	234978.5765	226957.0081	196814.0248	172370.0828	156896.381	142061.61	100504.0552	80057.58652	87497.38862	67509.74938	72436.44571	68336.83266
323	2509008.927	155963.7586	160387.035	150003.8538	146683.1359	157261.3588	149590.8946	119351.4436	94311.31544	88327.11676	64533.06739	72332.76577	71292.89985	86973.02914	77469.52383	109803.6841	147207.736
324	2518244.545	195381.3879	200519.1149	188239.7781	184854.6799	196459.8031	188583.5783	158356.2218	133333.4572	121653.4411	103106.8957	77412.40952	63784.95669	76844.25703	59964.8414	83211.45036	107200.3895
325	2493454.953	184873.3562	185749.1573	180594.3935	177351.8399	177393.3866	169167.3093	139292.8802	124420.6396	97727.79631	95595.44028	94692.56964	85968.28236	100420.5536	85377.06644	110563.0855	126958.7421
326	2543070.663	273852.1317	280576.321	264936.0214	261490.5099	276354.1889	268351.3731	238194.4178	211633.0583	197854.9284	181312.0082	127365.3602	104249.7756	106029.9902	87618.55305	73617.13452	26971.38795
327	2508840.4	187150.2744	190821.7147	181060.447	177721.6331	185444.4741	177462.6353	147288.463	125491.9295	109462.1974	95596.5505	81451.5803	70871.77555	84966.99486	69486.82416	94860.85419	117873.9654
328	2517745.853	223773.4156	228198.0746	216718.343	213331.0828	222481.2947	214405.2061	184312.6835	161779.0323	143877.9365	131576.8682	97255.53521	78725.85418	88230.22581	68620.58294	79559.57833	80993.92003
329	2526644.589	221524.1299	227337	213628.9644	210213.698	223228.8221	215300.4754	185096.0841	159343.4618	146758.6483	129021.1456	89278.09671	69991.0951	79007.48505	59295.14915	70494.89275	80296.20926
330	2527104.665	226655.1879	232407.3756	218742.3563	215325.8946	228096.0728	220141.0287	189951.3044	164474.6119	151118.0301	134152.0414	93124.69636	73236.9109	81520.3109	61631.92649	70173.76343	75322.39279
331	2578605.06	108587.721	133846.987	90300.75631	87202.99006	155851.0938	152527.36	131351.8734	68202.68177	143682.0433	63562.95617	69895.24716	93287.92914	98964.42034	111128.9837	142637.1714	218357.2247
332	2580156.364	104410.3053	130878.0964	85453.89887	82467.95662	154439.6185	151509.1333	131512.9488	68170.93174	146626.4612	66857.91549	77244.47896	100688.202	106074.9114	118526.1436	149774.4257	225865.8442
333	2580155.356	108602.3676	134245.9349	90079.32206	87019.17954	156685.935	153461.7457	132562.88	69333.67903	145447.3722	65358.62352	71303.61215	94748.83519	100179.242	112586.3373	143872.8853	219970.1414
334	2575300.851	112388.0225	136137.4686	94975.95667	91765.42862	156277.6358	152514.9594	130078.1827	67628.2633	139290.6898	59250.73552	62225.43495	85454.72261	91755.51171	103289.0091	135326.6262	210168.6559
335	2576501.814	115535.8307	139037.2851	98220.3756	95001.29625	158755.3936	154880.0744	132094.6177	69943.52933	140142.9884	60294.70195	59065.20753	82351.34523	88509.30628	100190.4501	132099.9897	207244.0011
336	2575063.34	114759.0441	138043.6788	97595.08774	94359.09422	157556.6374	153643.4942	130768.7524	68700.3448	138707.7297	58863.19681	59048.43074	82252.71439	88652.60191	100085.1043	132197.0534	206950.9755
337	2578105.288	127191.9288	149224.8061	110585.5262	107303.3517	166776.8231	162377.5515	138082.982	77759.06844	141072.8787	63033.34222	45626.55637	68976.30367	75085.30279	86817.64865	118650.8742	194176.6057
338	2582138.386	129615.0296	152184.7735	112636.7741	109390.9192	170241.5252	165929.3193	141829.4968	81196.22197	145072.7475	66980.62588	45489.07382	69016.1151	74313.16188	86831.69701	117988.4765	194650.829
339	2576861.302	121279.5623	143929.3531	104392.8338	101133.183	162435.0807	158267.3442	134635.4932	73399.29427	139995.5493	60898.92981	52095.40201	75384.91694	81606.17554	93224.81018	125169.0026	200372.8677
340	2577330.624	118534.2663	141734.7569	101352.4735	98120.95893	160980.2291	156984.4383	133837.8918	72042.41349	140691.837	61130.99217	55853.83072	79177.32627	85247.12349	97018.25837	128846.0356	204198.3552
341	2576980.136	130868.708	152123.3284	114683.526	111368.3629	168641.1267	164015.1164	139115.8512	79808.08483	140044.069	63159.87302	40501.51101	63762.36511	70218.74399	81602.21127	113692.9022	188856.6432
342	2594555.856	135413.627	159766.8221	117291.4704	114187.0819	179677.5811	175721.3223	152479.6313	90776.80506	157373.0796	78741.4101	49903.193	73281.09503	76054.65203	90756.20997	119576.5695	199332.2098
343	2596340.498	133880.8571	158844.0242	115424.6533	112370.5939	179533.8417	175756.1981	153001.5487	90841.84454	159236.4077	80132.15262	53921.44252	77259.80874	79778.56749	94692.87551	123221.8253	203292.6611
344	2588089.201	134268.774	157434.8706	116860.9621	113663.6735	175994.2549	171758.3643	147805.1023	86947.23403	150968.3831	73018.26117	44731.59925	68299.14734	72351.65556	85986.25725	116049.0703	194306.8788
345	2587243.913	116873.0912	142690.387	98125.74109	95110.77547	164998.5324	161687.2439	140413.9668	77322.97467	151629.7262	71496.31932	66922.88509	90503.6641	94842.61046	108268.1069	138532.1171	216317.9921
346	2588553.413	119682.2167	145301.1978	101014.5177	97987.41466	167270.581	163863.499	142285.5662	79329.12366	152563.2982	72499.43021	64411.75753	87996.22028	92107.90772	105731.9317	135782.3017	213896.7243
347	2585132.858	115161.527	140792.2321	96547.51157	93507.91425	162948.5585	159613.5481	138300.4263	75219.61116	149611.2075	69470.02856	67095.48826	90656.17785	95334.28825	108451.8487	139039.9612	216335.4679
348	2570495.431	115914.3453	137898.5972	99557.1755	96247.36659	155924.4128	151696.5424	127979.725	66876.33394	133792.9284	54425.41407	54962.7663	77791.28102	85072.21871	95566.5445	128366.4579	201767.7993
349	2574767.488	116974.0563	139819.5685	100045.0571	96786.7572	158741.4623	154689.0838	131415.1055	69760.13157	138154.6555	58585.51177	56083.23558	79256.20212	85767.99995	97085.93377	129280.8721	203927.8431
350	2573010.168	117968.7816	140233.1608	101389.2172	98099.32888	158465.35	154264.4807	130589.6859	69420.9661	136243.4466	56974.67196	53810.66892	76842.20006	83716.38843	94653.95713	127131.5447	201253.1638
351	2569747.104	119719.4589	140933.9167	103775.5248	100436.8561	157927.9169	153467.6518	129106.0291	68955.40427	132813.6082	54256.35437	50138.16942	72818.63778	80395.85557	90569.8771	123566.8283	196646.9165
352	2564438.648	126054.5319	145128.7828	111350.7334	107944.8336	159469.283	154463.6194	128693.263	71435.75977	127656.3787	51925.66984	41707.70334	63304.66993	72315.8537	80828.75147	114744.7986	185788.1319
353	2570327.666	124511.0772	145160.697	108828.3626	105474.6022	161299.3742	156640.4138	131725.943	72532.16907	133352.0648	55909.98803	44835.35565	67480.26759	75151.98201	85232.62271	118264.3617	191413.4527
354	2569744.091	121423.3052	142383.4142	105606.3424	102259.8639	159014.3038	154471.2974	129880.6406	70112.52509	132770.5009	54612.86098	48162.64299	70805.70888	78457.83482	88552.26521	121592.0475	194628.4666
355	2582565.242	121404.1239	145353.5411	103710.7873	100540.3083	165321.5298	161459.922	138630.2166	76524.35292	145906.2972	66308.90796	56284.17245	79808.99086	84949.10084	97626.47276	128648.0316	205381.0882
356	2585429.862	123616.4982	147855.1693	105714.47	102572.5467	168065.7044	164242.4009	141486.1412	79316.96923	148699.8794	69156.76631	55958.15359	79533.22903	84158.76983	97311.28859	127866.7713	205324.5396
357	2582575.334	117693.8287	142271.5806	99675.64364	96545.66947	163111.3533	159463.5967	137257.8525	74652.26871	146364.8631	66400.12187	61178.90626	84698.55444	89810.75915	102518.4722	133513.9772	210228.5529
358	2488152.742	33200.31904	32539.16441	51612.11768	54417.31817	67731.80168	73744.94201	88147.91971	93472.95747	141520.5544	123504.8266	200712.3997	220546.0642	231249.6028	236913.8138	272340.3789	331114.0119;
																	

param maxscale := 480000000;
